"a1" "d1" "d2" "d3" "d4" "d5" "d6"
"HSinc1" -1.158 3.975 2.4 1.021 0.296 -0.591 -2.217
"HSinc2" 1.437 1.959 0.367 -0.685 -1.411 -2.822 -4.323
"HSinc3" 1.568 2.951 1.223 0.176 -0.578 -2.083 -3.696
"HSinc4" 2.002 2.97 1.044 -0.253 -1.102 -2.894 -4.796
"HSinc5" 0.854 1.718 0.376 -0.329 -0.983 -1.928 -3.203
"HSinc6" 2.516 3.41 1.232 -0.058 -1.042 -3.068 -5.167
"HSinc7" 0.853 1.267 0.014 -0.671 -1.189 -2.266 -3.668
"HSinc8" 1.06 3.613 2.324 1.639 1.082 -0.208 -1.726
"HSinc9" 0.978 2.401 1.005 0.085 -0.648 -1.932 -3.522
"HSinc10" 0.475 1.303 0.298 -0.342 -0.84 -1.884 -3.112
"HFair1" 2.82 5.681 3.698 1.702 0.755 -0.347 -2.628
"HFair2" 1.147 3.503 2.553 1.736 0.862 0.254 -1.087
"HFair3" 1.009 2.824 1.868 1.2 0.403 -0.283 -1.587
"HFair4" 2.474 4.81 3.313 2.199 1.542 0.518 -1.171
"HFair5" 0.871 4.061 2.831 1.919 1.096 -0.259 -2.219
"HFair6" -0.945 2.291 1.347 0.827 0.276 -0.744 -2.002
"HFair7" -1.863 1.26 -0.474 -1.516 -2.289 -3.899 -5.336
"HFair8" -2.49 0.502 -1.213 -2.028 -2.796 -4.665 -6.312
"HFair9" -1.198 0.019 -1.523 -2.384 -2.938 -4.064 -5.297
"HFair10" -1.175 0.92 -0.419 -1.237 -1.801 -2.623 -3.679
"EAnxi1" 1.799 4.724 3.097 2.289 1.72 0.236 -1.694
"EAnxi2" 2.908 7.159 4.928 3.645 2.865 0.453 -2.327
"EAnxi3" 2.418 5.046 3.119 1.931 1.163 -0.635 -2.591
"EAnxi4" 1.279 3.826 2.467 1.707 1.175 -0.12 -1.801
"EAnxi5" 1.819 3.252 1.366 0.12 -0.616 -2.073 -3.573
"EAnxi6" -2.666 1.78 -0.733 -2.511 -3.241 -4.483 -6.302
"EAnxi7" -1.224 1.628 0.197 -0.873 -1.418 -2.103 -3.359
"EAnxi8" -0.85 3.441 1.886 0.722 0.056 -1.001 -2.574
"EAnxi9" -1.291 3.717 2.014 0.761 0.056 -1.226 -2.944
"EAnxi10" -1.299 2.037 0.461 -0.607 -0.983 -1.839 -3.198
"EDepe1" 2.073 5.14 3.589 2.681 1.72 -0.24 -2.329
"EDepe2" 1.22 3.237 1.774 0.827 0.053 -1.627 -3.523
"EDepe3" 1.842 4.105 2.484 1.613 0.782 -1.003 -3.342
"EDepe4" 1.392 2.722 1.208 0.137 -0.698 -2.142 -3.649
"EDepe5" 1.462 3.409 1.541 0.39 -0.444 -2.052 -3.861
"EDepe6" 0.818 2.162 0.789 -0.031 -0.559 -1.696 -3.217
"EDepe7" 0.768 2.642 1.502 0.836 0.392 -0.507 -1.842
"EDepe8" 1.781 4.391 2.615 1.463 0.654 -1.154 -3.186
"EDepe9" 0.941 2.132 0.74 -0.13 -0.735 -1.878 -3.219
"EDepe10" 1.464 5.362 4.142 3.341 2.139 0.51 -1.252
"XLive1" 2.449 3.434 1.049 -0.557 -1.686 -3.183 -5.193
"XLive2" 1.38 2.663 1.052 -0.003 -0.938 -2.083 -3.556
"XLive3" 3.629 5.273 2.387 0.141 -1.511 -3.671 -6.429
"XLive4" 1.107 3.277 1.967 1.063 0.289 -0.706 -1.997
"XLive5" 2.207 4.17 2.164 0.561 -0.633 -2.271 -4.497
"XLive6" 0.84 4.194 2.785 1.778 0.962 -0.177 -1.528
"XLive7" 0.772 3.957 2.627 1.681 0.999 -0.021 -1.475
"XLive8" 1.291 4.566 3.08 2.014 0.964 -0.487 -2.225
"XLive9" -1.282 3.669 2.009 1.133 0.394 -0.895 -2.492
"XLive10" -1.081 3.055 1.714 0.86 0.126 -1.11 -2.518
"AForg1" -0.823 1.451 0.268 -0.464 -1.469 -2.525 -3.621
"AForg2" -1.983 5.048 3.33 2.113 1.272 -0.254 -2.383
"AForg3" -2.514 6.08 4.055 2.469 1.373 -0.47 -3.113
"AForg4" -0.959 3.15 1.814 0.861 0.201 -1.014 -2.477
"AForg5" 2.776 4.136 1.67 0.018 -0.986 -2.852 -5.078
"AForg6" 1.934 3.505 1.742 0.703 0.015 -1.449 -3.041
"AForg7" 1.122 2.706 1.108 0.16 -0.496 -1.619 -2.762
"AForg8" 0.97 2.474 0.909 0.02 -0.758 -1.917 -3.215
"AForg9" 1.14 3.61 1.985 1.014 0.243 -1.095 -2.525
"AForg10" 1.188 3.647 1.821 0.72 0.007 -1.155 -2.504
"APati1" -2.373 4.282 2.324 0.882 0.189 -0.991 -2.946
"APati2" -2.561 4.243 1.885 0.056 -0.745 -2.152 -4.301
"APati3" -1.268 3.847 2.391 1.404 0.777 -0.303 -2.021
"APati4" -2.42 2.84 0.494 -1.106 -1.869 -3.068 -4.877
"APati5" -2.638 4.261 2.011 0.369 -0.519 -1.807 -3.814
"APati6" 2.651 5.018 2.678 1.223 0.283 -2.006 -4.122
"APati7" 4.166 4.801 1.818 -0.1 -1.281 -3.812 -6.444
"APati8" 3.282 5.543 2.913 1.297 0.297 -2.178 -4.592
"APati9" 2.339 3.17 1.154 0.128 -0.542 -2.27 -4.148
"APati10" 1.608 3.415 1.701 0.666 0.033 -1.437 -3.085
"CPerf1" 3.111 8.274 5.97 4.051 2.678 -0.054 -3.159
"CPerf2" 1.412 4.199 2.441 1.099 0.186 -1.318 -3.069
"CPerf3" 2.388 6.759 4.677 3.115 1.839 -0.204 -2.678
"CPerf4" 1.781 5.32 3.398 1.982 0.815 -0.834 -2.731
"CPerf5" 1.025 4.014 2.364 1.246 0.518 -0.844 -2.381
"CPerf6" 1.108 4.776 3.133 1.955 0.849 -0.509 -2.141
"CPerf7" 1.074 5.422 3.84 2.593 1.67 -0.128 -2.141
"CPerf8" 0.862 4.393 2.825 1.896 0.909 -0.411 -2.105
"CPerf9" -1.76 2.376 0.228 -1.142 -1.938 -3.223 -4.748
"CPerf10" -0.393 3.349 1.873 0.936 0.291 -0.795 -2.244
"OInqu1" 0.812 4.009 2.9 2.2 1.598 0.503 -0.873
"OInqu2" 0.519 4.699 3.448 2.722 2.061 0.938 -0.34
"OInqu3" 1.251 5.241 3.969 3.02 2.073 0.631 -1.119
"OInqu4" 3.156 7.103 5.317 3.816 2.372 0.259 -2.541
"OInqu5" 0.862 1.873 1.053 0.568 0.116 -0.818 -2.171
"OInqu6" 1.323 4.812 3.491 2.548 1.567 0.174 -1.558
"OInqu7" -0.82 1.859 0.409 -0.575 -1.087 -1.949 -3.144
"OInqu8" -2.864 1.883 -0.747 -2.558 -3.545 -5.043 -6.623
"OInqu9" -0.724 1.921 0.531 -0.327 -0.759 -1.481 -2.575
"OInqu10" -0.83 1.251 -0.292 -1.312 -2.064 -3.006 -4.564
"OUnco1" -1.063 3.977 2.758 2.042 1.147 -0.105 -1.729
"OUnco2" -0.782 5.099 3.428 2.375 1.397 0.089 -1.53
"OUnco3" -1.145 5.81 4.27 3.333 2.439 0.737 -1.239
"OUnco4" -0.806 2.691 1.247 0.394 -0.383 -1.594 -2.755
"OUnco5" -1.1 4.173 2.606 1.565 0.432 -0.852 -2.27
"OUnco6" 1.531 1.192 -0.6 -1.7 -2.426 -3.305 -4.446
"OUnco7" 2.283 2.167 0.121 -1.442 -3.033 -4.192 -5.762
"OUnco8" 1.181 2.459 0.994 -0.012 -1.209 -2.291 -3.706
"OUnco9" 2.352 2.89 0.957 -0.594 -2.003 -3.381 -5.034
"OUnco10" 0.707 1.335 -0.225 -1.256 -2.14 -2.956 -4.166
