"1" "2" "3" "4" "5" "6" "7"
"HSinc1" 335 902 1861 1384 1789 2496 1449
"HSinc2" 1919 2527 1989 1198 1548 713 322
"HSinc3" 1036 1907 1780 1377 2253 1256 607
"HSinc4" 1321 2160 2018 1314 2044 970 389
"HSinc5" 1835 2444 1578 1346 1457 1022 534
"HSinc6" 1328 2112 1718 1335 2149 1089 485
"HSinc7" 2531 2544 1494 998 1460 842 347
"HSinc8" 416 788 784 869 2585 2777 1997
"HSinc9" 1139 1908 1892 1568 2105 1175 429
"HSinc10" 2286 2107 1553 1121 1720 953 476
"HFair1" 463 900 1830 1097 1317 2451 2158
"HFair2" 511 617 930 1432 1175 2562 2989
"HFair3" 823 911 990 1529 1468 2386 2109
"HFair4" 597 819 986 728 1305 2254 3527
"HFair5" 247 504 828 1243 2861 3284 1249
"HFair6" 1199 1179 914 1132 2187 2042 1563
"HFair7" 3131 2763 1569 924 1179 426 224
"HFair8" 4444 2305 940 744 1145 418 220
"HFair9" 5102 2840 1031 436 497 209 101
"HFair10" 3326 2634 1496 831 864 616 449
"HGree1" 673 1038 1389 1351 1323 1909 2533
"HGree2" 684 1321 1825 1139 1619 2213 1415
"HGree3" 533 1132 1252 1913 2508 1640 1238
"HGree4" 1652 2373 1838 1313 1622 811 607
"HGree5" 1249 1981 1622 1573 2056 1135 600
"HGree6" 1865 2872 2039 1420 1287 475 258
"HGree7" 650 1058 1130 1490 1876 1772 2240
"HGree8" 333 767 1058 1211 3363 2430 1054
"HGree9" 1998 2524 1603 1791 1063 795 442
"HGree10" 763 1608 1793 1940 2317 1271 524
"HMode1" 530 984 1862 1221 1258 2382 1979
"HMode2" 1134 1615 1875 1019 1588 1666 1319
"HMode3" 1633 1887 2018 1482 1317 1167 712
"HMode4" 1176 1640 1983 1157 1609 1673 978
"HMode5" 646 1341 1304 1573 2250 1733 1369
"HMode6" 1694 2083 1590 1362 2179 832 476
"HMode7" 1386 1958 1730 1425 2105 1092 520
"HMode8" 308 758 1368 2302 2648 1994 838
"HMode9" 754 1489 1466 1267 2787 1720 733
"HMode10" 1627 2474 1990 1634 1651 594 246
"EFear1" 1142 1743 1725 1329 1859 1442 976
"EFear2" 932 1839 2199 1303 2145 1250 548
"EFear3" 500 882 1167 849 2100 2568 2150
"EFear4" 842 1721 1951 1459 2096 1462 685
"EFear5" 1631 2016 1845 1060 941 1191 1532
"EFear6" 1197 1923 1786 1361 1999 1303 647
"EFear7" 886 1772 1892 1499 2168 1406 593
"EFear8" 1444 2335 1522 1225 2338 1005 347
"EFear9" 1830 2179 1692 1482 1466 1039 528
"EFear10" 258 801 1383 1280 3220 2218 1056
"EAnxi1" 342 739 692 653 2258 3037 2495
"EAnxi2" 210 529 636 561 2579 3231 2470
"EAnxi3" 487 1010 1126 930 2476 2267 1920
"EAnxi4" 425 837 872 809 2433 2842 1998
"EAnxi5" 1020 2031 2001 1210 1973 1182 799
"EAnxi6" 2890 3155 2010 608 730 547 276
"EAnxi7" 2200 2496 2090 917 910 996 607
"EAnxi8" 423 1158 1897 1428 2250 2114 946
"EAnxi9" 467 1217 1844 1341 2416 2024 907
"EAnxi10" 1702 2390 2045 689 1341 1301 748
"EDepe1" 329 589 641 1002 2856 2836 1963
"EDepe2" 675 1318 1503 1516 3035 1654 515
"EDepe3" 572 1071 980 1187 2895 2572 939
"EDepe4" 1130 1844 1927 1564 2114 1101 536
"EDepe5" 705 1781 1925 1558 2459 1309 479
"EDepe6" 1291 2116 1795 1173 2024 1307 510
"EDepe7" 842 1257 1186 945 2029 2338 1619
"EDepe8" 438 1039 1338 1241 2964 2192 1004
"EDepe9" 1399 2154 1852 1276 1876 1110 549
"EDepe10" 133 246 343 971 2423 3157 2943
"ESent1" 385 766 760 898 2310 2975 2122
"ESent2" 750 1438 1685 1445 2408 1651 839
"ESent3" 1806 1726 1085 880 1936 1506 1277
"ESent4" 272 645 1012 1109 2656 2970 1552
"ESent5" 601 1046 1252 1701 2581 1960 1075
"ESent6" 1572 1513 1554 772 1087 1619 2099
"ESent7" 1486 2028 1942 921 1244 1464 1131
"ESent8" 1541 2576 2083 992 1290 1075 659
"ESent9" 2578 2702 1519 706 1183 926 602
"ESent10" 1651 2320 2069 1084 1314 1188 590
"XExpr1" 1104 1588 1672 1407 1861 1474 1110
"XExpr2" 845 2291 2693 1308 1431 1168 480
"XExpr3" 2334 2638 1664 1418 1271 632 259
"XExpr4" 815 1636 1647 1074 2240 1870 934
"XExpr5" 856 1651 1646 1463 1987 1488 1125
"XExpr6" 1022 1510 1480 1273 1800 1751 1380
"XExpr7" 396 951 1758 1327 2054 2214 1516
"XExpr8" 1032 1433 1301 1538 1808 1769 1335
"XExpr9" 243 647 763 753 2201 2768 2841
"XExpr10" 822 1513 1515 1538 1875 1712 1241
"XSocB1" 1978 1772 1376 1153 1709 1366 862
"XSocB2" 1079 1639 1907 1315 1895 1591 790
"XSocB3" 777 1577 2033 1714 1979 1426 710
"XSocB4" 575 996 1109 1288 2589 2389 1270
"XSocB5" 245 701 1074 1911 2058 2415 1812
"XSocB6" 1014 1213 997 640 1491 1821 3040
"XSocB7" 337 774 1170 1405 2534 2521 1475
"XSocB8" 400 814 907 806 2143 2806 2340
"XSocB9" 513 1089 1684 1559 1828 1771 1772
"XSocB10" 1594 2540 2038 1162 1331 946 605
"XSoci1" 1227 2045 1928 1548 1611 1210 647
"XSoci2" 2854 2591 1481 915 986 874 515
"XSoci3" 531 1062 1428 1534 2424 1953 1284
"XSoci4" 1023 1725 1715 1433 1972 1471 877
"XSoci5" 396 733 1058 1405 2662 2559 1403
"XSoci6" 910 1378 1269 1039 1887 2110 1623
"XSoci7" 1099 2497 2490 1185 1409 998 538
"XSoci8" 772 1437 1380 1317 1694 1921 1695
"XSoci9" 379 1234 1552 1107 2179 2214 1551
"XSoci10" 521 1127 1386 1280 2701 2127 1074
"XLive1" 1281 2477 2207 1412 1389 983 467
"XLive2" 1159 2057 1948 1727 1626 1117 582
"XLive3" 947 1884 2200 1658 1716 1215 596
"XLive4" 592 1090 1350 1493 2014 2021 1656
"XLive5" 703 1524 2100 1766 2038 1499 586
"XLive6" 207 548 971 1319 2440 2612 2119
"XLive7" 247 581 960 1103 2186 2960 2179
"XLive8" 217 562 946 1550 2763 2645 1533
"XLive9" 487 1212 1207 1325 2499 2224 1262
"XLive10" 701 1259 1383 1480 2460 1833 1100
"AForg1" 2189 2270 1631 1924 1247 597 358
"AForg2" 322 699 1021 1027 2343 2952 1852
"AForg3" 281 652 1095 1147 2462 3023 1556
"AForg4" 592 1126 1506 1357 2558 2006 1071
"AForg5" 1030 2047 2023 1266 1931 1276 643
"AForg6" 896 1589 1443 1091 2263 1696 1238
"AForg7" 960 1962 1830 1360 1967 1214 923
"AForg8" 1065 2127 1833 1659 1896 1068 568
"AForg9" 448 1187 1436 1507 2653 1854 1131
"AForg10" 453 1420 1751 1407 2235 1759 1191
"AGent1" 902 2080 2638 1521 1423 1117 535
"AGent2" 98 362 939 1501 3431 2826 1059
"AGent3" 86 201 550 843 2184 3606 2746
"AGent4" 392 796 1317 1507 2536 2322 1346
"AGent5" 655 1690 1833 1292 2725 1397 624
"AGent6" 738 1535 1523 1577 2644 1542 657
"AGent7" 737 1731 1841 1499 2414 1246 748
"AGent8" 1133 2494 2097 1411 2007 779 295
"AGent9" 494 1168 1321 1456 2437 1986 1354
"AGent10" 999 1889 1972 1676 2259 1015 406
"AFlex1" 312 835 1456 1415 2667 2361 1170
"AFlex2" 302 890 1933 1885 2988 1727 491
"AFlex3" 465 1238 1129 1263 2481 2157 1483
"AFlex4" 342 1007 1345 1555 2472 2199 1296
"AFlex5" 185 571 898 868 2918 2949 1827
"AFlex6" 264 1166 2128 1978 2527 1509 644
"AFlex7" 264 995 1583 1341 3407 1864 762
"AFlex8" 313 1023 1519 1625 2668 1886 1182
"AFlex9" 759 2069 2086 1339 2121 1307 535
"AFlex10" 894 2230 2050 1509 1914 1068 551
"APati1" 757 1339 1674 961 1670 2204 1611
"APati2" 887 1820 2312 1077 1675 1607 838
"APati3" 411 893 1209 1052 2097 2813 1741
"APati4" 1712 2701 2245 932 1127 969 530
"APati5" 904 1680 1995 1193 1584 1718 1142
"APati6" 569 1368 1531 1209 2866 1661 1012
"APati7" 1428 2134 1762 1056 1860 1161 815
"APati8" 675 1451 1499 1108 2662 1699 1122
"APati9" 1394 2187 1468 963 2084 1313 807
"APati10" 754 1554 1585 1131 2475 1731 986
"COrga1" 1063 2090 2348 1451 1845 1001 418
"COrga2" 1679 2953 2480 1047 1208 600 249
"COrga3" 210 525 924 1998 2988 2398 1173
"COrga4" 928 1617 1829 1630 2357 1277 578
"COrga5" 102 368 797 1275 2642 2934 2098
"COrga6" 436 735 781 631 1996 2838 2799
"COrga7" 534 1071 1098 966 2488 2665 1394
"COrga8" 502 1172 1280 1230 2983 2056 993
"COrga9" 556 1248 1289 843 2169 2606 1505
"COrga10" 480 1213 1935 1223 2162 2190 1013
"CDili1" 354 1039 1666 1553 2337 1947 1320
"CDili2" 836 1827 2117 1282 1934 1545 675
"CDili3" 186 680 1426 2599 2773 1796 756
"CDili4" 315 818 1328 1502 2461 2434 1358
"CDili5" 141 637 1431 1700 2996 2487 824
"CDili6" 635 1386 1553 1172 2441 2042 987
"CDili7" 900 1754 1689 1244 2423 1550 656
"CDili8" 815 1614 1456 1340 2384 1744 863
"CDili9" 411 812 884 940 2605 2691 1873
"CDili10" 388 1446 1949 1522 2713 1533 665
"CPerf1" 106 349 796 1023 2983 3090 1869
"CPerf2" 334 1038 1828 1676 2633 1820 887
"CPerf3" 122 432 895 1265 2751 2922 1829
"CPerf4" 187 671 1287 1691 2731 2267 1382
"CPerf5" 282 928 1518 1405 2790 2106 1187
"CPerf6" 147 512 1025 1754 2761 2528 1489
"CPerf7" 75 259 658 1023 3388 3338 1475
"CPerf8" 173 574 874 1604 2853 2772 1366
"CPerf9" 1670 2884 2259 1144 1275 686 298
"CPerf10" 369 1037 1497 1449 2601 2225 1038
"CPrud1" 155 513 1146 1303 3470 2584 1045
"CPrud2" 423 1304 2243 1663 2505 1530 548
"CPrud3" 338 845 1801 1752 2949 1850 681
"CPrud4" 858 1872 1898 1082 2486 1436 584
"CPrud5" 1550 2219 1659 1063 1999 1214 512
"CPrud6" 796 1799 1869 1500 2494 1213 545
"CPrud7" 519 1201 1391 1155 2855 2156 939
"CPrud8" 285 947 1044 1182 2986 2648 1124
"CPrud9" 428 815 699 577 2478 2950 2269
"CPrud10" 469 1035 947 1369 2752 2175 1469
"OAesA1" 115 178 276 581 1432 2815 4819
"OAesA2" 79 234 407 531 1665 2693 4607
"OAesA3" 62 146 361 733 2030 3439 3445
"OAesA4" 259 617 871 2336 2217 2248 1668
"OAesA5" 798 1314 1201 1223 2594 1819 1267
"OAesA6" 6721 2021 699 345 217 125 88
"OAesA7" 1972 2737 2000 923 1111 911 562
"OAesA8" 2674 2498 1839 1208 909 629 459
"OAesA9" 2622 2487 1480 1426 847 754 600
"OAesA10" 1768 2291 1867 1371 1114 1039 766
"OInqu1" 243 440 566 751 2032 2967 3217
"OInqu2" 104 248 344 558 1737 2942 4283
"OInqu3" 108 243 444 844 2245 3314 3018
"OInqu4" 243 458 769 1140 2243 2950 2413
"OInqu5" 1672 1314 983 987 1977 1994 1289
"OInqu6" 177 394 634 1145 2428 3054 2384
"OInqu7" 1631 2525 2176 1029 1324 980 551
"OInqu8" 2890 3099 1941 800 815 424 247
"OInqu9" 1494 2342 1933 952 1346 1272 877
"OInqu10" 2521 3143 2040 1079 798 491 144
"OCrea1" 71 139 311 486 1491 2859 4859
"OCrea2" 104 392 804 1385 3083 2881 1567
"OCrea3" 247 765 1240 2063 2558 2284 1059
"OCrea4" 52 233 535 974 2272 3054 3096
"OCrea5" 83 357 814 1532 2759 2706 1965
"OCrea6" 76 281 589 1734 2899 2793 1844
"OCrea7" 4994 2782 1276 425 417 186 136
"OCrea8" 4595 3195 1372 385 430 167 72
"OCrea9" 835 2069 2180 1050 1829 1591 662
"OCrea10" 1670 2746 2027 1547 1067 801 358
"OUnco1" 297 589 690 1338 2502 2848 1952
"OUnco2" 81 327 648 1234 2660 3198 2068
"OUnco3" 54 181 315 613 2467 3825 2761
"OUnco4" 818 1749 1727 1747 2231 1172 772
"OUnco5" 255 766 1206 2060 2576 1998 1355
"OUnco6" 3018 3080 1777 876 699 471 295
"OUnco7" 2250 2544 2221 1750 747 486 218
"OUnco8" 1190 1828 1888 2344 1553 988 425
"OUnco9" 1638 1966 2113 1881 1347 856 415
"OUnco10" 2321 3241 2147 1244 649 420 194
