57441
 161921
 243575
 318963
 326745
 362282
 522553
 945467
 959771
 1739972
 2018781
 2439141
 2459089
 2572708
 2656389
 2877488
 3182776
 3242092
 3657450
 3818352
 3922585
 3936314
 4165028
 4286434
 4440524
 4625393
 4988435
 5131812
 5277504
 5446115
 5509723
 5653087
 5737744
 6008539
 6068493
 6151960
 6159450
 6564590
 6641015
 6793569
 6942942
 7206062
 7351272
 7419504
 7574527
 7970765
 8141408
 8330237
 8565812
 8664698
 8689190
 9296434
 9923796
 10270012
 10572961
 10630478
 11022307
 11516937
 12250113
 12524578
 12750630
 12798875
 12999733
 13006456
 13520145
 14084768
 14122135
 14267790
 14668820
 14935270
 15005694
 15050910
 15092742
 15406021
 15496223
 15617863
 15924423
 15971798
 15972014
 16149347
 16312986
 16492026
 16500947
 16566122
 17045565
 17066397
 17385541
 17583835
 17710973
 17825591
 17975493
 18127628
 18155211
 18558152
 18655430
 18923722
 19254614
 19365431
 19771956
 20001904
 20331215
 20347538
 20936318
 21412954
 21772409
 21781479
 21818571
 22205689
 22301101
 22305723
 22343007
 22443472
 22483228
 22807450
 22961276
 23248095
 23331963
 23385673
 23908027
 23995792
 24472110
 24505640
 24518542
 25369253
 25398124
 25508011
 25543215
 26087813
 26573498
 26743951
 26815663
 27293739
 27434005
 27553522
 27588696
 27639875
 27710890
 27888796
 28466236
 28550807
 28608633
 28829255
 28897335
 29160537
 29566883
 29918291
 30106785
 30111904
 30153335
 30430120
 30734799
 31441712
 31497946
 31575119
 31605854
 32066604
 32099357
 32609046
 32881836
 32943672
 33012737
 33162202
 33184938
 33293750
 33585529
 33756793
 33763637
 33883070
 33986041
 34108604
 34398468
 34690216
 34759989
 34761838
 34953916
 34981203
 35577004
 35743131
 35809063
 35867225
 35911899
 35939659
 36307925
 36339241
 36908373
 37001330
 37296166
 37371063
 37449291
 37744522
 38194485
 38210620
 38252428
 38309591
 38312026
 38807895
 39095130
 39497235
 39655613
 39663911
 39758367
 39849479
 41343324
 41411207
 41426426
 41451961
 41468448
 42260519
 42623900
 42639590
 42802807
 42805978
 42942156
 43381291
 43415522
 43482267
 44183587
 44305956
 44340722
 44670604
 44906862
 44984721
 45067577
 45649868
 45693295
 45799593
 46029996
 46200949
 46350417
 46813497
 46877288
 47571122
 47782505
 47839797
 48095829
 48123787
 48133426
 48144590
 48482712
 48487620
 48852323
 48944554
 49340175
 49981253
 50077274
 50248199
 50551632
 50613484
 50990682
 51700000
 51829643
 52753995
 52815657
 53063833
 53098420
 53181034
 53734602
 53960854
 54016244
 54144269
 54284183
 54320065
 54442256
 54598763
 54618744
 54707158
 55004436
 55378814
 55748655
 55847310
 55864145
 56064188
 56549664
 57005376
 57194685
 57224226
 57236276
 57524829
 57736486
 57767035
 57853707
 58042682
 58698417
 58869639
 58938475
 59097659
 59545344
 59707215
 60160874
 60168150
 60471195
 60720631
 60910609
 61046231
 61934450
 62436506
 62846696
 63001190
 63222316
 63245312
 63353633
 63652176
 63667497
 63938892
 64050659
 64339111
 64728351
 64761613
 65030088
 65090950
 65291282
 65555067
 65657574
 65907803
 65975642
 66014271
 66056826
 66384593
 66666966
 66713788
 66793509
 67407107
 67733368
 68153895
 68344353
 68573211
 68834661
 69082666
 70002409
 70004693
 70254223
 70417077
 70543378
 70870287
 71534478
 71950052
 72335550
 72492571
 73098405
 73297664
 73382873
 73427114
 73598241
 73728863
 73870410
 73996014
 74204953
 74244002
 74340508
 74458753
 75007257
 75098039
 75139797
 75826648
 75987059
 76131888
 76188502
 76244226
 76404129
 76462432
 76506275
 76605115
 76618761
 77025501
 77695518
 77832958
 77913847
 77946839
 78179232
 78605004
 78865304
 78999875
 79452459
 79558514
 79968350
 80080562
 80340717
 80408296
 80785340
 81059304
 81102983
 81168455
 81256801
 81726891
 82042593
 82097105
 82204972
 83121707
 83363650
 83668712
 83931010
 84119199
 84286128
 84758662
 85409184
 85998638
 86211412
 86333617
 86391577
 86513359
 86524661
 86706797
 86858719
 86925887
 86963480
 87207712
 87351490
 87506347
 87508127
 87591381
 88183871
 88450509
 88814337
 88979300
 89074580
 89112054
 89332917
 89516825
 89668410
 89777963
 89821598
 89978216
 90259420
 90291142
 90356034
 91094831
 91190980
 91328058
 91421433
 91764154
 91830474
 92045260
 92160715
 92289699
 93065359
 93090117
 93446268
 93642986
 93740451
 94206524
 94437423
 94509287
 94531040
 94589454
 94896700
 94903915
 95002472
 95117931
 95262616
 95368286
 95751071
 95948526
 96060511
 96109795
 96690062
 97068048
 97411240
 97567367
 97669269
 97804488
 98009666
 98014000
 98292290
 98605178
 98692673
 98897382
 98986672
 99276795
 99291982
 99326713
 99559539
 99943124
 100309055
 100579901
 100626126
 100968681
 101170037
 101365059
 101748026
 101915410
 102064650
 102104720
 102191781
 102311363
 102326659
 102882864
 102980902
 103044195
 103141748
 103501225
 103937559
 103968657
 104084011
 104677768
 104699607
 104753957
 104952318
 105502672
 105507992
 105524939
 105700358
 105869134
 105952392
 106585471
 106741350
 106912473
 106921557
 107139183
 107205876
 107321070
 107398703
 107683740
 107892773
 108162588
 108865561
 108875588
 109251289
 109382390
 109490053
 109592997
 109827184
 109884470
 110035737
 110384429
 110623626
 110861759
 111160913
 111325956
 112000112
 112014306
 112254131
 112314456
 112481159
 112652302
 112834358
 113028176
 113129363
 113285747
 113362501
 113566421
 113603432
 114191033
 114270326
 114430224
 115049745
 115112314
 115217195
 115473375
 115509526
 115797229
 115964264
 115974057
 116092716
 116296125
 116301647
 116392941
 116460245
 116563554
 116598556
 116718489
 116866972
 116883392
 117066401
 117180205
 117484171
 117780087
 117937133
 118249134
 118563650
 118652125
 118779819
 118982910
 119007285
 119194404
 119320559
 119361214
 119519190
 119723856
 119899153
 119929013
 120408066
 120778652
 120932491
 121297576
 121427699
 121584809
 121684290
 121777592
 121985862
 122073673
 122592028
 122906714
 123602396
 123643898
 124265475
 124751761
 124836999
 124927336
 125120003
 125139472
 125283663
 125381530
 125488968
 125927017
 126360401
 126477102
 126496359
 126541737
 126697893
 126699902
 126757479
 126772527
 126988120
 127333086
 127481527
 127489491
 127697918
 127792812
 127924077
 127952824
 128153944
 128284959
 128436058
 128559499
 128574139
 128719600
 128838343
 128961089
 129161636
 129322117
 129423138
 129459760
 129660594
 129706018
 130140556
 130255826
 130284562
 130487394
 130595931
 130635963
 130803947
 130868223
 131336517
 131415976
 131548218
 131760051
 131822330
 132040447
 132247293
 132552604
 132725342
 133060744
 133641163
 133662694
 133709801
 134096582
 134134081
 134212188
 134236159
 134471965
 134683059
 135024152
 135730665
 135910335
 135956799
 136028978
 136078156
 136180718
 136238151
 136247962
 136567516
 136805974
 137068630
 137204944
 138157499
 138243050
 138286507
 138364854
 138825970
 138917545
 139052075
 139202421
 139590165
 139612175
 139809840
 139843921
 139848260
 140014587
 140490989
 140798853
 141058016
 141064863
 141182157
 141248543
 141261482
 141479468
 142061686
 142532980
 142606256
 142827273
 142847052
 142871030
 143634588
 143676006
 143819671
 144012280
 144167913
 144368746
 144570607
 144914357
 145250602
 145260611
 145399649
 145466085
 145654500
 145681450
 145831888
 145908230
 145959304
 146085371
 146331108
 146358260
 146512951
 146833212
 147080457
 147281361
 147689302
 147838787
 147901946
 148141423
 148778248
 148897635
 149124523
 149162182
 149490584
 149887426
 150016955
 150153675
 150179416
 150181187
 150352075
 150476309
 150549031
 150598737
 150630550
 150690307
 150726567
 151243063
 151265591
 151406587
 151753713
 151766289
 152142517
 152488437
 152538572
 152674232
 153052378
 153066107
 153249987
 153257934
 153359121
 153674935
 153726795
 153846279
 154363996
 154559668
 154854569
 154949060
 155034852
 155150977
 155238830
 155676379
 155940041
 155952392
 156024578
 156111378
 156455064
 156460713
 156676181
 156705822
 156935580
 157556651
 157676304
 158044686
 158239585
 158575971
 158988127
 159225185
 159976975
 160051003
 160058505
 160070239
 160093438
 160133861
 160468597
 160503854
 161223603
 162187086
 162190296
 162285441
 162294073
 162543626
 162556543
 162895301
 163209682
 163292847
 163319404
 163370246
 163424584
 163512824
 163713018
 164017243
 164065932
 164290976
 164410188
 164417427
 164575234
 164642397
 164730569
 164826137
 165485388
 165596565
 165912653
 166091349
 166207028
 166364664
 166376840
 166397907
 166648544
 166908389
 167002712
 167043433
 167287717
 167318583
 167839929
 168403250
 168496701
 168694152
 168849630
 169189062
 169305992
 169335077
 169340276
 169483327
 169654329
 170526812
 170617591
 170685289
 170732064
 171595577
 171624822
 171673424
 171740239
 171748939
 171813668
 171947365
 172196700
 172339563
 172407577
 172712943
 173013592
 173102263
 173501195
 173606299
 174224556
 174387043
 174426432
 174619296
 174882708
 174901431
 175135643
 175154023
 175697243
 175935009
 176120919
 176151215
 176167633
 176650920
 176657479
 177195865
 177511889
 178060155
 178662677
 178758321
 178857217
 179034919
 179594363
 179651203
 179820081
 179905824
 180140823
 180142463
 180195950
 180927406
 181136508
 181186085
 181186345
 181250389
 181628160
 181729836
 181838321
 182231155
 182780880
 183007329
 183116572
 183441083
 183906914
 183991647
 184238474
 184506248
 184632887
 184641350
 184917506
 185183440
 185511408
 185670157
 185797952
 186116429
 186128386
 186144173
 186350900
 186425233
 186566096
 186845980
 186903444
 187505568
 187813892
 188184511
 188312740
 188497035
 188507725
 189064662
 189269259
 189331261
 189548117
 189668110
 189723036
 189860737
 190013760
 190125635
 190968252
 191299032
 191592212
 191943753
 192135495
 192995767
 193109809
 193371774
 193385191
 193873881
 194063978
 194151210
 194211677
 194688823
 194711821
 194713580
 194756230
 194813373
 194997462
 195050634
 195508077
 195624792
 195751428
 196324793
 196609480
 196675426
 196904261
 197247085
 197296430
 197524264
 197867393
 197929155
 198305576
 198951891
 199061554
 199331352
 199501403
 199639412
 199858243
 199963846
 200114425
 200298328
 200424680
 200526429
 200765799
 200873301
 200964412
 201253192
 201364829
 201499270
 201521266
 201572863
 201593865
 201637233
 201821826
 202200192
 202285323
 202292413
 202293380
 202390526
 203003849
 203428100
 203627082
 203659268
 204042946
 204264779
 204271402
 204437061
 204634652
 204865006
 204897363
 205815988
 206194669
 206271652
 206327225
 206398611
 206511923
 206526928
 206608730
 206716699
 206754067
 207022208
 207395569
 207441917
 207606680
 207822481
 208253496
 208457567
 208519064
 208900875
 209165752
 209520594
 209555183
 209770773
 209823432
 210061534
 210864741
 210896257
 210980185
 210986607
 211137968
 211165585
 211294426
 211507222
 211654772
 211861201
 211953258
 212383505
 212411117
 212462720
 212526401
 212639507
 212647726
 212959403
 213189492
 213231767
 213809436
 214374033
 215217348
 215400570
 215468039
 216256094
 216437419
 216475214
 217164460
 217189829
 217205497
 217264379
 217265390
 217452197
 217544243
 217683069
 218156051
 218253580
 218445912
 218556713
 218920741
 218978608
 219369097
 219405966
 220016486
 220091250
 220293974
 220763850
 220838321
 221310647
 221363404
 221616632
 221814719
 221840808
 222013430
 222130196
 222316938
 222353171
 222443681
 222682606
 223239956
 223241209
 223403903
 223508782
 223859207
 223921655
 224223820
 224742233
 224748525
 224792195
 224986246
 225172168
 225236392
 225389757
 225483741
 225489508
 225693784
 225733714
 225963279
 226016023
 226074456
 226125078
 226148495
 226329644
 227162485
 227545921
 227790864
 227854359
 227991211
 228099858
 228291509
 228581050
 228656083
 228659981
 228734257
 228769666
 228834220
 228982465
 229184931
 229200787
 229724801
 229759012
 229906909
 230326318
 230417625
 230798055
 231045050
 231336766
 231471247
 231550805
 231629374
 231923086
 232158853
 232606444
 232635596
 232670180
 232744971
 232935123
 232937951
 233187106
 233255121
 233420807
 233524007
 233885072
 234426755
 234547856
 234581164
 234641630
 235538130
 235678816
 235884461
 235888688
 235939368
 236457423
 236703290
 236975883
 237053530
 237164846
 237172086
 237476680
 237486425
 237571607
 238199659
 238216333
 238364749
 238704756
 238720511
 238744400
 238857040
 238909643
 239186170
 239425942
 239493047
 239634984
 239778136
 239918022
 240340299
 240779522
 240797917
 240924807
 241113670
 241394282
 242100052
 242556164
 242680434
 242767396
 243451511
 243745766
 243919094
 244287946
 244576224
 244625823
 244855160
 244870508
 244963827
 245045877
 245070968
 245337636
 245367993
 245580909
 245663847
 245836340
 246165231
 246292891
 246512554
 247012373
 247273192
 247550688
 247564321
 247622452
 247633434
 247791500
 248080502
 249316063
 249604471
 249799660
 250213759
 250329696
 250486919
 250564848
 250712414
 251289755
 251383414
 251472887
 252042182
 252215820
 252243022
 253021784
 253470553
 253488487
 253917674
 254008624
 254621686
 254670158
 254996284
 255340943
 255720909
 255971266
 256335634
 256355941
 256760113
 256783711
 256843383
 256872811
 257002270
 257237984
 257241296
 257748527
 257767778
 257778074
 258047647
 258187345
 258290361
 258355410
 258453869
 258620462
 258988850
 259140534
 259540667
 259723072
 260080305
 260719167
 260909507
 260972037
 260977004
 260978026
 261540130
 261548442
 261648696
 261651627
 261686628
 261853759
 261892096
 261941039
 262732556
 263130849
 263331793
 263519444
 263591850
 264182436
 264482952
 264951094
 265047835
 265197096
 265564494
 265671071
 265829229
 265991892
 266441892
 266520084
 266552460
 266984802
 267139293
 267206648
 267458979
 267511716
 267998753
 268017640
 268143524
 268221667
 268303954
 268390695
 268790546
 269029021
 269066787
 269132579
 269664506
 269879801
 270631398
 271065118
 271165115
 271225583
 271516084
 271556629
 271919349
 272090793
 272678851
 272828600
 272925079
 272978423
 273116168
 273423107
 273441362
 273557982
 273719208
 274176141
 274275131
 274286774
 274339040
 274365912
 274436574
 275213320
 275560729
 275875331
 276052250
 276377241
 276672531
 276978473
 277020813
 277171853
 277185966
 277195436
 277481038
 277875468
 278583368
 279260325
 279470130
 279568023
 279760610
 279829983
 279955416
 280002636
 280381448
 281053672
 281487286
 281501485
 281960730
 282005842
 282032569
 282070016
 282282491
 282285554
 282302870
 282415179
 282954540
 283295418
 283404642
 283417744
 283555763
 283827705
 283872727
 284117562
 284172142
 284288010
 284464890
 284859661
 284885764
 284989110
 285191539
 285456682
 285569784
 285976729
 285996314
 286219413
 286323218
 286684066
 286984367
 287276057
 287313644
 287393849
 287534460
 287903896
 288800743
 288843191
 289009666
 289021878
 289099566
 289166519
 289364553
 289614353
 290751999
 291319259
 291492228
 291696791
 292433727
 292587963
 292731702
 293000037
 293151651
 293387552
 293721330
 293793725
 293829035
 293906018
 294729291
 294896743
 295004512
 295148599
 295296993
 295412392
 295431140
 295459055
 295551352
 296610115
 296652913
 296682423
 296895817
 297069181
 297121353
 297147214
 297267450
 297750521
 297920007
 299045177
 299284391
 299303796
 299475867
 299676033
 300660248
 301570759
 301601441
 301702679
 301734171
 302119144
 302627282
 302766155
 302892844
 303353942
 303906996
 303927495
 304188757
 304207199
 304368853
 304533667
 304966559
 305192215
 305253118
 305380283
 305439938
 305537174
 305579659
 306036724
 306169420
 306267551
 306270639
 306531954
 306672451
 306859474
 307170545
 307435118
 307543117
 307971904
 307981871
 307984972
 308247365
 308301903
 308589918
 308601804
 309070020
 309389324
 309751378
 309844600
 309963367
 310237332
 310879235
 310973721
 311008900
 311587313
 311777533
 311831375
 311983887
 312105664
 312215207
 312480313
 312482358
 312563062
 312628685
 313078379
 313098602
 313131628
 313483403
 313532053
 314064967
 314308211
 315160906
 315276073
 315307028
 316183445
 316239616
 316300436
 316378829
 316386984
 316459303
 316673735
 316854704
 317339764
 317619326
 317640683
 317747345
 318335451
 318389640
 318429256
 318847850
 318866373
 319141523
 319483981
 319588594
 319646349
 319669887
 319776883
 320283562
 320462218
 320534147
 320564688
 320678302
 320785296
 320862625
 320884060
 320939222
 321042878
 321392222
 321847637
 321891277
 322009060
 322126854
 322220199
 322539172
 322733431
 322895114
 323104787
 323478027
 323574834
 323614273
 323632857
 323859643
 323945653
 323975898
 324098351
 324125465
 324598391
 324658659
 324773574
 324867500
 324909914
 325761708
 325796658
 325870538
 325892302
 326047916
 326154250
 326282821
 326373625
 326860921
 326977725
 327306294
 327928208
 328214765
 328492688
 328499381
 328946217
 328984820
 329412003
 329457785
 329785363
 330005969
 330094890
 330269108
 330288404
 330328047
 330581138
 330648266
 330696387
 331092782
 331112261
 331253208
 331415996
 331472496
 331919719
 331921035
 331996869
 332182632
 332274008
 332389137
 332454964
 332678629
 332798595
 332903972
 333289827
 333526430
 333623285
 333635428
 334012698
 334188500
 334372795
 334510807
 334608660
 335166512
 335209874
 335700262
 335717764
 335860137
 336044456
 336200106
 336329457
 336345898
 336598353
 336713408
 336837330
 336975086
 337159380
 337542425
 337603230
 337791488
 337854166
 338143081
 338244158
 339382173
 339462481
 339548704
 339585606
 339625743
 339870944
 339884906
 340119477
 340190840
 340529000
 340597439
 341148389
 341224060
 341384074
 341607312
 341695711
 341879404
 342441629
 342451125
 342542505
 342836570
 343221956
 343293380
 343456094
 343767949
 343776662
 343909911
 343910846
 344194425
 344266622
 344299393
 344480363
 344526471
 344527684
 344909416
 345236871
 345380874
 345558238
 345714453
 346295898
 346605706
 346759620
 347266931
 347313141
 347740237
 347778966
 348224400
 348259734
 348276573
 348290524
 348299729
 348369554
 348463212
 348710094
 348791241
 349383860
 349706873
 349879272
 349915054
 349916050
 350046991
 350222525
 350315636
 350328632
 350683977
 350872729
 351042443
 351297048
 351310075
 351357725
 351571492
 351788688
 351790318
 351793345
 351856081
 351942488
 352365981
 352468029
 352693332
 352922350
 352923941
 352923979
 353132266
 353322523
 353344044
 353545181
 353643487
 353770870
 353831587
 353962597
 354327957
 354415903
 354744916
 355016336
 355223620
 356114626
 356192993
 356406179
 356785770
 357221794
 357421449
 357483180
 357513949
 358054969
 358175527
 359163576
 359257264
 359413398
 359550112
 359591905
 359921074
 360207330
 360258485
 360448594
 360958912
 360973113
 361115634
 361291431
 361494312
 361753121
 361916147
 362033514
 362681432
 362685975
 362758865
 362954491
 362993353
 363174195
 363289543
 363725506
 363783804
 363875583
 363948725
 364348507
 364585140
 364697027
 365414082
 365533809
 365545368
 365826057
 365946826
 366038519
 366334156
 366847344
 366936781
 366976566
 367528344
 368160028
 368189833
 368860433
 369160010
 369630651
 369809920
 369927820
 370144193
 370179943
 370195731
 370385946
 370858029
 371192739
 371282094
 371332565
 371680639
 371961285
 372242845
 372336972
 373236905
 373402730
 373589477
 373759759
 374055987
 374172994
 374296764
 374471361
 374664018
 374691282
 374738489
 374740129
 374905319
 375029730
 375119638
 375297597
 375917057
 376102804
 376161629
 376232123
 376240388
 376973987
 377234843
 377267412
 377334058
 377847104
 377912570
 378103340
 378415447
 378691149
 378900947
 379221853
 379232035
 379393050
 379558879
 379813404
 379878792
 380051209
 380655625
 380774737
 380785069
 380822068
 380889330
 381074208
 381288270
 381449181
 381561669
 381875336
 381887044
 382100720
 382123010
 382560466
 383218745
 383270291
 383285085
 383469182
 383855902
 383863242
 384159847
 384167196
 384283739
 384310464
 384964556
 385025933
 385082580
 385183925
 385221807
 385259182
 385563558
 385693981
 385869308
 386090428
 386278420
 386409577
 386446041
 386468158
 386473042
 386507240
 386623973
 386819253
 386992724
 387012825
 387052375
 387324412
 387369788
 387592839
 387763469
 387841599
 389089165
 389530244
 389646536
 389778450
 390083705
 390111170
 390330542
 391094237
 391330095
 391576524
 391758718
 392103473
 392120410
 392561636
 392695737
 392800198
 393225537
 393497040
 393544010
 393699269
 394338492
 394942693
 394994450
 395449924
 395491652
 395603832
 395785522
 395912254
 396227552
 396231452
 396588202
 396699215
 396759712
 396844911
 396878059
 396894578
 397409478
 397632541
 398185181
 398250277
 398373052
 399071981
 399112761
 399184369
 399225279
 399486235
 399496738
 400060576
 400422012
 400510814
 401301610
 401354785
 401491029
 401521974
 401662298
 401790615
 401957554
 402326371
 402533587
 402593151
 403607563
 404019809
 404221204
 404230684
 404368614
 404485168
 404778842
 404826335
 404924301
 404948094
 405051297
 405269807
 405283152
 405457051
 405544994
 405648442
 405791431
 406333766
 406393609
 406666023
 406893131
 406930953
 407077335
 407551737
 407628867
 407670356
 407792264
 407911631
 407945139
 408564657
 409213118
 409225712
 409262472
 409655857
 409845511
 409868569
 410030730
 410329785
 410386410
 410459596
 410491881
 410539988
 410720392
 411219954
 411488857
 411866707
 412307231
 412356600
 412490792
 412652826
 413477509
 413601135
 413633936
 414091936
 414135410
 414233064
 414246360
 414357735
 415111500
 415321109
 415352338
 415675737
 415793706
 415895521
 415918391
 415958436
 415969232
 416069994
 416096112
 416193273
 416261422
 416268600
 416452374
 416673998
 416841275
 417368249
 417396382
 417624232
 417764729
 417821457
 417904264
 417971556
 418082757
 418118860
 418133826
 418225127
 418260439
 418260474
 418261661
 418975075
 419352091
 419421078
 419496891
 419515781
 419530871
 420010239
 420314611
 420349841
 420376563
 420582607
 420585600
 420658744
 420664586
 420774372
 420786144
 420962701
 420978195
 421081793
 421219923
 421423343
 421487745
 421640148
 421700772
 421733497
 421754973
 421955718
 421978502
 422041356
 422659036
 422936578
 423252135
 423387061
 423473981
 423682224
 423808878
 424180422
 424287841
 424310637
 424347965
 424395864
 424456928
 425063315
 425223888
 425295155
 425621515
 425859387
 425962569
 426230741
 426750403
 426794895
 426876392
 427309179
 427343316
 427808741
 427832738
 428371968
 428414152
 428541760
 428560898
 428647478
 428980425
 428994361
 429375964
 429536037
 429633512
 429670834
 430517894
 430616658
 430889671
 431037844
 431048829
 431089075
 431194723
 431592109
 431679370
 431763423
 432163576
 432355990
 432504811
 432555248
 432576329
 432919388
 433354312
 433429701
 433938223
 433960221
 434307416
 434421823
 434456104
 434557956
 434746939
 434769596
 434899034
 435332167
 435549958
 435578482
 435728771
 436056290
 436085666
 436613603
 436670400
 436679279
 436748524
 436816837
 436935669
 437049385
 437296154
 437909287
 437969803
 438090342
 438305349
 438720286
 439195120
 439349638
 439483193
 439653615
 439695988
 439758838
 439803536
 440019476
 440126318
 440200207
 440234009
 441369769
 441478520
 441504078
 441534878
 441636502
 441752394
 441763644
 441956649
 442239332
 442305255
 442403980
 442904063
 443080808
 443318129
 443345891
 443586093
 443734878
 443764751
 443912066
 444026207
 444291132
 444430671
 444443397
 444458041
 444458639
 445001633
 445063171
 445206792
 445311754
 445314352
 445756514
 446043873
 446428112
 446964334
 447020601
 447102662
 447274248
 447707866
 448147906
 448934465
 449027596
 450065871
 450236899
 450564064
 450578243
 450889375
 451342039
 451393430
 451826722
 452242804
 452303160
 452503864
 452781950
 452788081
 453110434
 453382086
 453997895
 454847009
 454994435
 455382984
 455521582
 455536172
 455750659
 455813642
 455864350
 456016985
 456144176
 456366574
 456463961
 456467625
 456553916
 456611702
 456743708
 456988435
 457394381
 457525270
 457836052
 457885567
 458642867
 458682782
 458745221
 458833676
 459429726
 459505288
 459936924
 460302411
 460593361
 460808533
 461195058
 461210804
 461576883
 462089080
 462339256
 462371513
 462572052
 462762705
 462785007
 462786820
 463625865
 463630487
 463658516
 464055952
 464323595
 464355561
 464589186
 464850860
 464972881
 465016673
 465103906
 465349590
 466098820
 466682410
 467115447
 467338790
 467369782
 467518523
 467530107
 467597814
 467633146
 467795764
 467838987
 468033623
 468038941
 468373359
 468387109
 468950717
 469204676
 469427074
 469465143
 469636100
 469872359
 469922077
 469935659
 470125526
 470688360
 471401027
 471654142
 471965812
 472060276
 472106722
 472271075
 472344306
 472661084
 472764929
 474140088
 474281123
 474747027
 474942821
 474943322
 475018195
 475072522
 475307564
 476092342
 476147216
 476768228
 477657940
 477746906
 477905785
 478113306
 478360503
 478443618
 479179069
 479400348
 479657922
 479850873
 479934484
 480257173
 480556819
 480566450
 480576831
 480844858
 480900863
 481002378
 481687067
 481714794
 481986664
 482014227
 482047469
 482048649
 482671212
 482822226
 482824665
 483068643
 483421309
 483807717
 483962625
 484015384
 484058124
 484374918
 484517244
 484821438
 485111666
 485133784
 485141406
 485298472
 485371178
 485433644
 485839906
 485917363
 486338972
 486647828
 486669876
 486686821
 486708757
 486868707
 487268801
 487286100
 487357914
 487969470
 488037676
 488088921
 488250386
 488362823
 488479080
 488853708
 489219716
 489398731
 489962392
 490025796
 490067661
 490142165
 490200427
 490228138
 490606941
 490878233
 490893038
 490973276
 491082261
 491492919
 491549074
 491640842
 491735453
 491930799
 492385029
 492554868
 492646483
 492778171
 493033591
 493111272
 493264517
 493413078
 493446664
 493608769
 493657185
 493793383
 494351677
 494598513
 494651815
 494747128
 494987276
 495001857
 495143670
 495255987
 495352075
 495426884
 495465259
 496144673
 496227337
 496376855
 496408792
 496559630
 496665967
 496807014
 497072576
 497204279
 497206650
 497498439
 497511519
 498131985
 498136401
 498245426
 498283037
 498561682
 498836438
 498921804
 499066606
 499068583
 499100886
 499185199
 499571431
 499804810
 500097261
 500193060
 500213312
 500316132
 500497474
 500626690
 500657992
 500854719
 500980559
 501225133
 501247947
 501423151
 501520433
 501608457
 502091548
 502340166
 502631535
 502758110
 503023044
 503512990
 503740351
 503883067
 504145652
 504183129
 504197946
 504381963
 504382905
 504573681
 504761423
 504891759
 505422566
 505454980
 505459026
 505532189
 505554616
 505590736
 505676176
 505792730
 506057408
 506165613
 506255116
 506258633
 506737110
 506839339
 506859934
 506963844
 507308872
 507313036
 507415237
 507463692
 507559227
 507607086
 507648078
 507805954
 507817387
 508229959
 508251483
 508453835
 508819191
 509322034
 509595994
 509813042
 509899845
 510007618
 510197558
 510656869
 510976828
 511079423
 511165259
 511457294
 511934987
 512071899
 512336628
 512538283
 512565995
 512772494
 512800853
 512909285
 513061043
 513080112
 513146224
 513574560
 513599453
 513633003
 513791661
 514106262
 514126298
 514187718
 514448235
 515327674
 515365424
 515391325
 515444414
 515756628
 515989905
 516009792
 516154979
 516350982
 516377091
 516685171
 516816930
 517155723
 517262287
 517373673
 517828306
 517977470
 518204117
 518318798
 518490758
 519082747
 519170516
 519713076
 519878689
 520170439
 520229708
 520498110
 520572555
 520700174
 520789991
 520894870
 520986911
 521019603
 521048128
 521049137
 521094495
 521146828
 521635749
 521718433
 521763047
 521828650
 522228452
 522352797
 522561405
 522773280
 522886265
 523067118
 523970070
 524294844
 524451713
 524639589
 524778808
 524827204
 524915531
 525144896
 525905493
 526430822
 526776535
 526852113
 526863500
 526969910
 527055922
 527166235
 527201298
 527467325
 527901907
 527960249
 528043486
 528115540
 528289504
 528508796
 529263234
 529411431
 529490091
 529550867
 529892708
 529988619
 530224342
 530310226
 530646931
 530911511
 531105999
 531223610
 531291067
 531395862
 531673425
 531702794
 531707152
 531874954
 531989355
 532345668
 532620106
 532662341
 532793713
 532866336
 533059279
 533618203
 533667924
 534359277
 534396721
 534745008
 535253525
 535267400
 535352950
 535528177
 535559596
 536195230
 536211664
 536341758
 536574243
 536665851
 536692669
 536843302
 537205217
 537328367
 537797122
 537815254
 538092208
 538339766
 538729762
 538954773
 539299325
 539363911
 539392352
 539668503
 539714505
 539834009
 540003003
 540214528
 540293081
 540869541
 541020110
 541536888
 541566859
 541704193
 542156031
 542199886
 542303770
 542681884
 543050835
 543107502
 543125992
 543822020
 543903270
 544026336
 544148588
 544381048
 544883217
 544989408
 545443436
 545532542
 546024197
 546297773
 546471019
 546608123
 546716874
 547176797
 548281796
 548293372
 548530259
 548991218
 549003637
 549195858
 549347388
 549350197
 550326931
 550370168
 550427403
 550921455
 551335171
 551756354
 551876230
 552201566
 552228045
 552229575
 552712360
 552721338
 554035804
 554446713
 554498405
 554582337
 554786645
 555046310
 555075119
 555698184
 555702301
 555974497
 556082732
 556179556
 556796337
 557247368
 557555065
 557682250
 557725785
 557890847
 558125279
 558627778
 559394262
 560042170
 560094017
 560191341
 560281088
 560555106
 560556975
 560563689
 560679169
 560967465
 561349531
 561413200
 561814923
 562090605
 562181019
 562384191
 562692530
 562721998
 562776764
 562981194
 562997624
 563187049
 563469722
 563755536
 564085923
 564126365
 564181131
 564205101
 564479821
 564792478
 565319527
 565467796
 565692548
 565729515
 566061981
 566198630
 566343747
 566772601
 566818304
 566999083
 567013792
 567091582
 567391362
 567566961
 568050087
 568327585
 568350144
 568548860
 568734258
 568954299
 569024368
 569026044
 569104412
 569333014
 569438485
 570387092
 570747221
 571006981
 571015513
 571217811
 571390643
 571476836
 571633210
 571899005
 571925375
 572183151
 572186410
 572379582
 572962566
 573530743
 573571964
 573604222
 573636549
 574038563
 574129934
 574154525
 574162661
 574228619
 574236925
 574634093
 574694161
 574715220
 574922471
 575085628
 575101708
 575221346
 575389938
 575443800
 575464764
 576033094
 576107104
 576120729
 576770398
 577018512
 577336679
 577342147
 577386917
 577475811
 577589656
 577761244
 577935128
 577998176
 578167268
 578275325
 578526021
 578798599
 579053469
 579195292
 579244484
 579511106
 579864565
 579929240
 580546154
 580691761
 580694369
 580827561
 580835080
 580921711
 581181614
 581410706
 581628189
 581686280
 582010385
 582020718
 582772574
 582945759
 583199392
 583550933
 583659313
 583831916
 583962196
 584001017
 584003339
 584574287
 584588427
 584715310
 585007679
 585123619
 585361690
 585433713
 585850880
 586126126
 586497697
 586682343
 587287345
 587438005
 587654249
 587707799
 587896514
 587922688
 587959666
 588547341
 588945145
 589215514
 590770357
 590926418
 591581892
 591700748
 591959529
 592093918
 592396305
 592475638
 592690065
 592799544
 592991276
 593088444
 593477090
 593573921
 593697199
 593804031
 593962454
 594037590
 594551043
 594739807
 594807108
 594840615
 595185241
 595810156
 595973534
 596259991
 596710655
 596800453
 597468685
 597932127
 597993944
 598053191
 598817302
 598820090
 598896338
 598986026
 599188267
 599210485
 599594621
 599615289
 599880949
 600240448
 600249155
 600307976
 600357580
 600479203
 600519364
 600784120
 601395484
 601477894
 601631446
 602682234
 602813229
 603221050
 603221469
 603223642
 603239450
 603272135
 603492515
 603748495
 603817089
 603914720
 604138087
 604969586
 605399428
 605550258
 605597431
 605608106
 606034002
 606171249
 606312716
 606376393
 606478390
 606505554
 606621847
 607084612
 607337182
 607371450
 607637769
 607720064
 608286456
 608370971
 608398014
 608430653
 608431769
 608576996
 608643147
 608884334
 609044017
 609121503
 609209865
 609288340
 609345833
 610269824
 610373890
 611358978
 611452891
 611806665
 611913932
 612134598
 612447583
 612482107
 612728239
 612773829
 612960405
 613004304
 613223982
 613286962
 613541675
 613630047
 613841050
 613847523
 613917528
 613964825
 614030383
 614444214
 614642302
 614671260
 614729441
 614792563
 614806585
 614963762
 615184869
 615213283
 615242289
 615279727
 615283631
 615761712
 615825717
 615858558
 615900663
 615949947
 616020616
 616087609
 616142677
 616166286
 616276898
 616356921
 616403662
 616460660
 616528102
 616743866
 617418238
 617583944
 617779271
 618226935
 618267269
 618600064
 618679093
 619358719
 619651816
 619678666
 620517411
 620728096
 620856875
 621172556
 621213701
 621560301
 621784176
 622030569
 622664886
 623056449
 623462161
 623571795
 623644127
 623907310
 623968744
 624048302
 624129119
 624216825
 624226696
 624286450
 624290259
 624315765
 624351665
 624720184
 624776365
 624910274
 625009282
 625554106
 625742235
 626057993
 626513281
 626734810
 626912211
 627084010
 627210742
 627527535
 627540492
 627688050
 627891377
 627937931
 628414631
 628723428
 628797617
 628843163
 628921547
 629624159
 629727187
 629876007
 630086613
 630168826
 630315038
 630326811
 630639449
 630690858
 631545019
 631712737
 631854653
 632024315
 632282868
 632439769
 632452976
 632862340
 633362899
 634013653
 634252246
 634593914
 634614249
 634809007
 634860766
 635024722
 635190856
 635195607
 635264820
 635303593
 635563409
 635838479
 636116080
 636149681
 636348364
 636516491
 636587687
 636741120
 637072080
 637161410
 637174459
 637809473
 637826319
 637874955
 638008393
 638062638
 638287555
 638385560
 638448772
 638449205
 638730668
 639037857
 639446013
 639746259
 640001998
 640059450
 640365449
 640421290
 641024013
 641076260
 641194127
 641656183
 641792591
 641934699
 642050284
 642389738
 642414651
 642521678
 642776736
 642796531
 642856173
 642870545
 642880849
 642940546
 643067743
 643109016
 643304436
 643415293
 643494935
 643652771
 643952029
 644157558
 644323342
 644528284
 644673572
 644734749
 644806642
 644955006
 645147717
 645574714
 645911768
 645937196
 645950705
 645967479
 646027908
 646356773
 646526308
 647191317
 647320766
 647358305
 647379091
 647471529
 647863195
 647913752
 648111364
 648135641
 648193929
 648411425
 648626600
 648642241
 648836002
 648977582
 649061567
 649186334
 649314547
 649486000
 649572314
 649587921
 649758971
 649861871
 650838732
 651219809
 651343680
 651513572
 651577428
 651650717
 651671793
 651675573
 651706720
 652257753
 652385020
 652442705
 652821145
 653227205
 653482926
 653531190
 653645896
 653928398
 654077734
 654086949
 654095534
 655187045
 655427758
 655494320
 655518821
 655588382
 655731212
 655852254
 656107589
 656181494
 656186256
 656336719
 656488916
 656738991
 657421886
 657459036
 657925844
 658176303
 658541890
 658545949
 658691602
 658747003
 658758720
 658785805
 658852266
 659048242
 659256592
 659492200
 660327209
 660676279
 660909125
 660966428
 660979764
 661229143
 661346025
 661611003
 661888862
 662196727
 662518452
 663151547
 663310242
 663523545
 663868938
 663931274
 663983358
 664540680
 664612021
 664853515
 664875286
 664901721
 664942298
 664958373
 664976495
 665237741
 665257020
 665380496
 665566770
 665785245
 665840277
 665875803
 665926843
 666050057
 666086016
 666267859
 666569564
 666911287
 667091757
 667095556
 667172291
 667326196
 667329197
 667358873
 667707072
 668308228
 668714819
 668723824
 668988851
 669059071
 669202659
 669253553
 669590703
 670307243
 670616169
 670671157
 670728851
 670733915
 670759556
 670875215
 671561604
 671585491
 671698675
 672105797
 672180018
 672421622
 672433373
 672808280
 673050366
 673099961
 673879420
 674118238
 674252657
 674541642
 674793328
 674797192
 674918383
 675302510
 675858567
 676189468
 676253560
 676385528
 676436512
 676461166
 676486598
 677006608
 677244943
 677279585
 677332533
 677333289
 677416472
 677450928
 677934939
 678239265
 678571002
 678775130
 679121987
 679230002
 679366780
 679554431
 679677373
 679893711
 680069686
 680296332
 680348751
 680353210
 680428987
 680701668
 680775326
 681127765
 681414978
 681456409
 681683301
 681695478
 681722931
 681782903
 681982692
 682572737
 682922544
 683101804
 683271238
 683449701
 683482311
 684541879
 684837109
 684838016
 684859986
 685074699
 685078440
 685195376
 685405125
 685606686
 685607298
 686249679
 686395923
 687082024
 687485821
 687602872
 687927434
 688097865
 688344830
 688558832
 688576316
 689673689
 690184751
 690289970
 690643401
 691304398
 691363949
 691430863
 691614345
 691648463
 691908687
 691979799
 691983007
 692205893
 692290706
 692447126
 692516681
 692521826
 692526515
 692544050
 692552863
 693505475
 693667045
 694020292
 694288703
 694437357
 694614896
 694641120
 694717098
 694752180
 695444977
 695631814
 695775924
 696317181
 697303920
 698513424
 698570373
 698957078
 699106135
 699262796
 699507956
 699826267
 699990406
 700298528
 700600797
 700682324
 700872376
 701074440
 701116305
 702212186
 702429187
 702569442
 702766192
 702979505
 703248140
 703251478
 703318686
 703330774
 703346435
 703491045
 703756980
 703888634
 703948454
 704317030
 704462011
 705192639
 705240280
 705266380
 705732824
 705752735
 705882383
 706031905
 706757553
 706777267
 707228622
 707492261
 707495486
 707603896
 707811284
 708006700
 708029002
 708048418
 708201614
 709094267
 709146503
 709490659
 709697372
 709857774
 709952413
 710095840
 710233520
 710319251
 710778639
 710810383
 711013471
 711263013
 711327129
 711811834
 712226730
 712440593
 712453857
 712567271
 712627062
 712820662
 713196622
 713320879
 713364913
 713461234
 713623643
 713768197
 714251079
 714450559
 714698469
 714903755
 714957144
 715075255
 715392992
 716355669
 716658935
 716777163
 716832242
 717061111
 717306775
 717332538
 717409987
 717425555
 717565544
 717787800
 718263239
 718309058
 718373747
 718389170
 718560678
 718602571
 718639669
 718738957
 718842857
 719933246
 719988058
 720150146
 720172001
 720179255
 720384878
 720845872
 720896006
 721049428
 721078022
 721127603
 721166379
 721915368
 722051709
 722144165
 722450997
 722520077
 722671538
 722695702
 722792674
 723035951
 723559801
 723620429
 723747678
 723909920
 723918405
 724901143
 725150641
 725537563
 726139060
 726221989
 726290089
 726466800
 726673604
 726829150
 727123388
 727254192
 727302846
 727807648
 727942494
 727968886
 727982708
 728345769
 728809192
 728866440
 729065259
 729087488
 729144360
 729254500
 729330712
 729380717
 729684889
 729729538
 729966878
 730029728
 730442709
 730511239
 730583472
 730594082
 730680717
 730723439
 730967205
 731004279
 731174048
 731202841
 731210566
 731255944
 731292257
 731395136
 731510208
 731564653
 732199814
 732301601
 732605451
 732682046
 732717212
 732852057
 733069362
 733333760
 733343432
 733430858
 733535853
 733700208
 733801755
 734261787
 734419601
 734506419
 734513529
 734522026
 734680635
 734758803
 734938963
 735121030
 735456891
 735527015
 735656390
 736047621
 736192756
 736349225
 736928551
 737009162
 737022034
 737328302
 737358173
 737455735
 737652326
 737897247
 737943916
 738048725
 738212998
 738364489
 738614514
 738724412
 738744897
 738756286
 738795932
 738809557
 738959205
 739045581
 739337685
 739696199
 739825950
 739947821
 740006500
 740143798
 740281255
 740320255
 741332083
 741522970
 741536996
 741639900
 742139462
 742411303
 742440344
 742582532
 742594957
 742924031
 743095333
 743105708
 743218190
 743692404
 743698866
 744084292
 744133297
 744176072
 744359342
 744712833
 744815922
 744826714
 745596961
 745931660
 745932279
 746092616
 746452111
 746561942
 746779806
 746892780
 747375646
 747519355
 747553052
 747702989
 748640016
 748790273
 749245713
 749424684
 749919730
 750208593
 750243426
 751044719
 751119137
 751120000
 751451824
 751530579
 751550678
 751732479
 751787820
 752014716
 752102470
 752510948
 752642290
 753064209
 753065837
 753090108
 753104481
 753203486
 753204537
 753413994
 753484661
 753925853
 753979843
 754131661
 754423659
 754543485
 754605158
 754931416
 755170605
 755303348
 755418372
 755524945
 755921626
 756017191
 756326432
 756529307
 756628691
 756692614
 756741812
 756985283
 757072326
 757498020
 757571404
 757702303
 757771038
 757775218
 758124573
 758183043
 758536884
 758776656
 759077236
 759872577
 759946887
 760007107
 760154794
 760503336
 760750876
 760772527
 761046732
 761126324
 761171169
 761243885
 761892261
 761894837
 762101954
 762358651
 762564505
 762569860
 762870185
 763078214
 763286822
 763372121
 763487103
 763505306
 763591761
 763774788
 763778565
 763781906
 763891225
 763982669
 764092109
 764092584
 764752101
 765041942
 765140983
 765363568
 765381613
 765642231
 765818938
 766707985
 766871504
 766976780
 767303813
 767483619
 768120534
 768164982
 768597683
 768783668
 769000365
 769112526
 769119378
 769195482
 769282249
 769376760
 769382296
 769395174
 769519442
 769999876
 770287905
 770456747
 770723357
 770818736
 771143399
 771221280
 771614341
 771631322
 771888919
 772352166
 772499422
 772533175
 772618406
 772777614
 772913946
 773340405
 773359186
 773388351
 773661249
 773731928
 773802124
 773831176
 774159176
 774260974
 774340030
 774566867
 774666722
 774711403
 774796889
 774800358
 774997857
 775108846
 775594938
 775819576
 775885771
 775934463
 776016081
 776187153
 776756664
 777054628
 777171055
 777509535
 777599279
 777674716
 778867850
 779197288
 779379029
 779784919
 780110225
 780116786
 780311911
 780385825
 780417541
 780579362
 781134248
 781221930
 781751863
 782173065
 782303675
 782625802
 782838547
 782881126
 782998446
 783220577
 783292690
 783337338
 783366430
 783552724
 783750749
 783838704
 784084841
 784296620
 784474146
 784605765
 784704569
 784820923
 785000818
 785010231
 785055358
 785147210
 785798116
 785852960
 786207169
 786253926
 786446685
 786466144
 786585673
 786748671
 786807278
 787765566
 787821302
 787835368
 787953297
 788065364
 788191394
 788191553
 789127433
 789348243
 789402715
 789704879
 789875746
 790671684
 790724819
 790770245
 790803648
 791068694
 791330541
 791429767
 791451068
 791622629
 791764427
 792286062
 792811968
 793132619
 793222926
 793397176
 793427648
 793460040
 793476534
 793590337
 793759358
 794041557
 794048512
 794105280
 794300509
 794341421
 794427575
 794642399
 794697005
 795044425
 795048705
 795291384
 795335914
 796093250
 796308115
 796563396
 796989179
 797106864
 797133392
 797236162
 797466097
 797632558
 798013729
 798071613
 798724716
 798725776
 799230702
 799707567
 799715746
 799967935
 800039092
 800093870
 800202761
 800873876
 801327746
 801402837
 801547122
 801831297
 802156945
 802180992
 802184226
 802192019
 802754430
 802782963
 802966885
 802968773
 803245286
 803850004
 804184816
 804309866
 804371182
 804403330
 804485547
 804535825
 804635997
 804887706
 804912446
 805443719
 805665226
 806227294
 806403122
 806403153
 806505290
 806529362
 806567880
 806573212
 806744240
 807044055
 807372132
 807481567
 807514490
 807890515
 807939426
 808209454
 808410643
 808428552
 808437462
 808479131
 808677269
 809027194
 809343369
 809349957
 809472370
 809754436
 809770010
 809871999
 809943097
 810139379
 810174887
 810257503
 810328751
 810910242
 810922894
 811203981
 811467848
 811479782
 811659089
 811714483
 811993529
 812100360
 812157184
 812302353
 812574775
 813217378
 813942885
 813974656
 814001643
 814570590
 814623414
 814652689
 814739618
 814757903
 814869324
 814986783
 815029187
 815064105
 815147202
 815340071
 815599614
 816337532
 816868375
 817317300
 817620965
 818208398
 818430127
 818500662
 818624045
 818779445
 819108153
 819395161
 819586916
 819665251
 819777874
 819905471
 820176818
 820255495
 820309953
 820620762
 820661877
 820901959
 821097035
 821176983
 821325682
 821851520
 822031324
 822091210
 822234653
 822443750
 822452839
 822570447
 822905335
 823069712
 823342992
 823536732
 823859861
 823982117
 824100809
 824249846
 824261078
 824336746
 824652140
 824710691
 825205952
 825335076
 825743999
 825768233
 825840980
 826036087
 826123995
 826389256
 826418768
 826721967
 826758733
 826828086
 827188558
 827584861
 827827821
 828282646
 828363685
 828613846
 828744493
 828804179
 828905551
 828945443
 828974724
 829002316
 829300689
 829379611
 829570313
 829881365
 830410540
 830676128
 830740244
 830770293
 830866818
 831219286
 831707120
 831720077
 831741023
 831909251
 832069559
 832171488
 832472054
 832824708
 833077032
 833494442
 833984271
 834135045
 834562048
 834783920
 834826668
 834880905
 835056020
 835312589
 835372138
 835722555
 835769262
 835918810
 835989645
 836010941
 836303229
 836441693
 836861990
 837237952
 837351821
 837591661
 837647739
 837950851
 838180079
 838468319
 839175465
 839248322
 839317644
 839613913
 839659043
 839842299
 839867107
 839978492
 840152700
 840417019
 840445404
 840507043
 840560754
 840609264
 840687646
 840714396
 840814304
 840934420
 841014577
 841144259
 841366716
 841592490
 841771595
 841994793
 842249126
 842290067
 842548864
 842650138
 842770634
 842868604
 842940105
 842961528
 843001077
 843038578
 843639739
 843723232
 844580382
 844760555
 844937879
 845345841
 846539481
 846848463
 846958500
 846980969
 847052444
 847141866
 847193464
 847214363
 847230289
 848129421
 848531214
 848701596
 848834758
 848935611
 848949839
 849131118
 849369757
 849371957
 849457188
 849652929
 849711894
 849757288
 849863909
 850050978
 850262937
 850360622
 850371657
 850409892
 850415603
 850490880
 850502361
 850559428
 850612050
 850875537
 851035175
 851143002
 851816885
 852001184
 852428964
 853112707
 853212963
 853709064
 854003234
 854045068
 854083277
 854433337
 854631288
 854642286
 854678227
 855207508
 855300797
 855380645
 855557410
 855581525
 855589871
 855902226
 855980201
 856879782
 857018219
 857396741
 857561910
 857745415
 858486765
 858730540
 858788698
 858901749
 859192733
 859312213
 859397482
 859530728
 859601696
 859730900
 859743067
 860206507
 860324986
 860360132
 860574736
 860585793
 860867831
 861080161
 861176697
 861295773
 861353585
 861635013
 861682985
 861973859
 862212221
 862281541
 862327975
 863087381
 863124396
 863233225
 864040106
 864056843
 864345145
 864410773
 864475467
 864549605
 864552198
 865252412
 865545324
 865545616
 865574269
 865597803
 865619607
 865705059
 865757415
 866065819
 866079002
 866095708
 866118918
 866548103
 866564644
 866649820
 866755291
 866818439
 866825726
 868038370
 868102897
 868160789
 868504585
 869204172
 869252339
 869468847
 869668824
 869881439
 869953178
 869968343
 870094485
 870597529
 870673976
 870703933
 870910460
 870933823
 871662277
 871902862
 872068857
 872215419
 872510073
 872607690
 872611248
 872747684
 872979941
 873245613
 873606525
 873681439
 874176716
 874188068
 874432378
 874542875
 874910947
 875078448
 875227901
 875719635
 875986714
 876058756
 876417534
 876923729
 876973357
 877296017
 877465384
 878104342
 878272059
 878370340
 878465729
 878515624
 878536325
 878801590
 878842887
 878906453
 878950796
 878965906
 879053005
 879531729
 879630071
 880086399
 880200006
 880297425
 880314688
 880510198
 880650552
 880909467
 881073440
 881130227
 881696172
 881823011
 881893161
 882023541
 882060062
 882205704
 882393367
 882477570
 882607077
 882786064
 883382186
 883860820
 883976495
 884175669
 884783777
 885048130
 885222642
 885611011
 885836981
 885895594
 886142494
 886151673
 886232410
 886873948
 886986414
 887018109
 887313623
 887412048
 887427971
 887441007
 887480213
 887523565
 887535826
 887608109
 888021516
 888589970
 888742067
 888842646
 889064016
 889213437
 889471793
 889504505
 889735817
 889751128
 889909508
 889999582
 890492345
 890667292
 890924449
 891146699
 891270557
 891303480
 891388374
 892165734
 892341002
 892624062
 892927922
 893469565
 893713312
 893926744
 894088072
 894158835
 894359008
 894791227
 894942694
 894992044
 895053461
 895078143
 895101822
 895138302
 895285005
 895394691
 896105673
 896182411
 896220787
 896971917
 896998283
 897471044
 897504878
 897794193
 897822025
 898247225
 898263810
 898527402
 899025616
 899043318
 899098899
 899186389
 899388957
 899408583
 899691108
 899780669
 899781294
 899903782
 899937590
 900058510
 900071376
 900410024
 900426074
 900545666
 900577980
 900687224
 900863919
 901313411
 901351521
 901517131
 901574071
 902884811
 902925725
 902978227
 903016431
 903018794
 903660035
 903896538
 904005238
 904431291
 904552143
 904648747
 904761297
 905009055
 905037479
 905557294
 905741659
 906599151
 906662019
 906738736
 906889682
 907090021
 907186647
 907236421
 907308092
 907494217
 907623272
 907710772
 907796952
 907863280
 907920931
 907938379
 908272104
 908314638
 908848470
 908859235
 908924813
 909049486
 909146814
 909266951
 909553155
 909574543
 910012173
 910083370
 910112330
 910172676
 910239060
 910682215
 910854287
 911286248
 911385466
 911409038
 911461098
 911650013
 912080186
 912151416
 912363951
 912371094
 912566493
 913044083
 913328780
 913570683
 913707678
 914221981
 914825693
 915033094
 915232987
 915451103
 915753710
 915842440
 916293460
 916565441
 916769819
 916955222
 917176941
 917241313
 917294265
 917357564
 917592647
 917932091
 917988255
 918335553
 918346185
 919014912
 919081505
 919253256
 919426507
 920197180
 920291703
 920448178
 920488204
 920711802
 920762673
 920985137
 921209622
 921552408
 921618635
 921684558
 921808486
 921942678
 921957993
 922261061
 922349342
 922498796
 922852696
 923380079
 923632160
 924000741
 924008249
 924042021
 924143374
 924150208
 924152436
 924414267
 924556229
 924679882
 925088691
 925302993
 925369012
 925433722
 925591882
 925884510
 925969359
 926009607
 926281285
 926293511
 926315529
 926511033
 926840135
 927020668
 927041652
 927374993
 927847041
 927955597
 928183290
 928271111
 928355904
 928438902
 928793587
 929261601
 929269633
 929676535
 930907044
 931377322
 931396754
 931492616
 931955357
 931969818
 932473352
 932509629
 932604934
 932684912
 933273720
 933452701
 933547764
 933698104
 934160199
 934448438
 934562019
 934655618
 934869397
 935002072
 935060371
 935167200
 935703211
 935718665
 935785619
 936094787
 936129454
 936181528
 936569546
 936742846
 936983174
 937320250
 937678847
 937789548
 937938895
 938253813
 938296043
 938465834
 938548104
 938730426
 939199383
 939427757
 939601681
 939750108
 939818283
 940158800
 940205745
 940355443
 940714359
 940859987
 940976827
 941006354
 941074945
 941461161
 941533355
 941757684
 941781941
 942148744
 942255192
 942258975
 942302143
 942350044
 942800719
 942988740
 942998825
 943359175
 943445476
 943532858
 943583589
 944006816
 944106048
 944286875
 944294046
 944704756
 945048675
 945360602
 945489964
 945709000
 945829200
 945981471
 946266399
 946304822
 946522314
 946646967
 946962918
 947016805
 947057758
 947082793
 947353269
 947460620
 947571620
 947783473
 947835043
 947880404
 947959770
 948116617
 948426972
 948558825
 948912750
 949042337
 949304757
 949311183
 949711376
 949948527
 950011476
 950105535
 950107830
 950503931
 950673028
 950858344
 950967394
 950970168
 950991231
 951349462
 951398150
 951696311
 951697815
 951853488
 952096501
 952322741
 952341337
 952447787
 952660738
 952680630
 953156120
 953300906
 953630765
 953808550
 954294784
 954320438
 954644679
 954812828
 954847077
 955233213
 955317439
 955325970
 955674475
 955777727
 955824677
 956059541
 956227743
 956302874
 956435085
 956903369
 957193861
 957419004
 957557313
 957560583
 957909807
 958469847
 958553783
 958568423
 959112074
 959586434
 959674778
 959851559
 960080150
 960370438
 960626849
 960803002
 961101203
 961130054
 961405357
 961422295
 961522444
 961591507
 961774843
 961885036
 962006494
 962130113
 962276108
 962386729
 962634492
 963092382
 963106858
 963283321
 963433731
 963502853
 963790691
 964061221
 964151270
 964404349
 964541392
 964764111
 964791864
 965570435
 965641563
 965679629
 965749513
 965875983
 966302645
 966693463
 966803366
 966884346
 967749733
 968055697
 968165745
 968387243
 968403892
 968658765
 968725042
 968815527
 968944167
 968945093
 969007717
 969127968
 969245733
 969260145
 969380496
 969651530
 970542173
 970665165
 970808177
 971057478
 971770479
 971811353
 971957114
 972376891
 972456980
 972524983
 972672175
 972762773
 972939149
 972996407
 973640844
 973696595
 974033355
 974440640
 975289575
 975768957
 976409556
 976461418
 976593862
 976749940
 977235705
 977639060
 977759247
 978384331
 978493230
 978503907
 978787680
 978910899
 978982215
 979436937
 979463082
 979506706
 979609409
 979772348
 980051304
 980264624
 980743527
 980813766
 980887149
 980921779
 981982333
 982096605
 982224811
 982623974
 982736838
 983225611
 983476141
 983656829
 983930779
 984046629
 984064206
 984175819
 984224261
 984302412
 985075045
 985648235
 985696606
 985826441
 985909405
 985975741
 986037841
 986248694
 986421517
 986536374
 986712344
 986761981
 986887992
 987181609
 987304947
 987427775
 987575257
 987766978
 987860865
 988044989
 988269869
 988301594
 988552987
 988563940
 988742193
 989004365
 989122774
 989129375
 989174752
 989427859
 989539852
 990440772
 990497382
 990543236
 990548020
 990666798
 990692224
 991382345
 991706337
 991831290
 991856747
 991904253
 992101723
 992266733
 992342080
 992442135
 992766794
 992807482
 993084722
 993086251
 993146828
 993163363
 993509641
 993520772
 993544220
 994080382
 994292552
 994326266
 995036129
 995059004
 995219354
 995261481
 995552067
 995634637
 995906405
 995906458
 995942817
 996251319
 996826711
 996977471
 997034564
 997058888
 997066673
 997318523
 997752215
 997784024
 997854088
 997868005
 998013300
 998088771
 998107169
 998158802
 998166417
 998203656
 998389024
 998395927
 998657795
 998878013
 999078397
 999487220
 999499607
 999898634